  - Random Numbers -  
 6  95  52  83  63  46  91  3  33  91  17  
  29  98  51  57  44  38  80  76  66  46  
  89  79  64  18  17  85  11  25  41  88  
  21  8  42  100  31  63  76  1  67  21  
  92  25  12  12  47  87  90  37  75  78  
  70  23  76  90  69  86  11  22  12  98  
  47  70  19  45  55  50  23  95  34  49  
  48  43  29  1  31  54  39  55  62  28  
  81  45  66  49  84  39  90  68  9  83  
  42  100  24  72  100  60  24  32  0  96  
  
 There were 46 numbers below 50 
  And  44 numbers above 50  
  Also, the number 100 was seen  0 times